%YAML:1.0
---
matrix: !!opencv-matrix
   rows: 6
   cols: 1
   dt: d
   data: [ 2.3063199999999999e-02, -7.9994599999999999e-02,
       -1.3655500000000001e-01, 4.1525099999999912e-02,
       -1.3584499999999890e-02, 3.1164000000000001e+00 ]
