%YAML:1.0
---
matrix: !!opencv-matrix
   rows: 3
   cols: 3
   dt: d
   data: [ 9.1960595703125000e+02, 0., 6.6588293457031250e+02, 0.,
       9.1729309082031250e+02, 3.7394842529296875e+02, 0., 0., 1. ]
